/*--------------------------------*- C++ -*----------------------------------*\
| =========                 |                                                 |
| \\      /  F ield         | OpenFOAM: The Open Source CFD Toolbox           |
|  \\    /   O peration     | Version:  4.1                                   |
|   \\  /    A nd           | Web:      www.OpenFOAM.org                      |
|    \\/     M anipulation  |                                                 |
\*---------------------------------------------------------------------------*/
FoamFile
{
    version     2.0;
    format      binary;
    class       faceSet;
    location    "constant/polyMesh/sets";
    object      f1;
}
// * * * * * * * * * * * * * * * * * * * * * * * * * * * * * * * * * * * * * //


200
(
597233 
597234 
597235 
597236 
597237 
597238 
597239 
597240 
597241 
597242 
597243 
597244 
597245 
597246 
597247 
597248 
597249 
597250 
597251 
597252 
597253 
597254 
597255 
597256 
597257 
597258 
597259 
597260 
597261 
597262 
597263 
597264 
597265 
597266 
597267 
597268 
597269 
597270 
597271 
597272 
597273 
597274 
597275 
597276 
597277 
597278 
597279 
597280 
597281 
597282 
597283 
597284 
597285 
597286 
597287 
597288 
597289 
597290 
597291 
597292 
597293 
597294 
597295 
597296 
597297 
597298 
597299 
597300 
597301 
597302 
597303 
597304 
597305 
597306 
597307 
597308 
597309 
597310 
597311 
597312 
597313 
597314 
597315 
597316 
597317 
597318 
597319 
597320 
597321 
597322 
597323 
597324 
597325 
597326 
597327 
597328 
597329 
597330 
597331 
597332 
597333 
597334 
597335 
597336 
597337 
597338 
597339 
597340 
597341 
597342 
597343 
597344 
597345 
597346 
597347 
597348 
597349 
597350 
597351 
597352 
597353 
597354 
597355 
597356 
597357 
597358 
597359 
597360 
597361 
597362 
597363 
597364 
597365 
597366 
597367 
597368 
597369 
597370 
597371 
597372 
597373 
597374 
597375 
597376 
597377 
597378 
597379 
597380 
597381 
597382 
597383 
597384 
597385 
597386 
597387 
597388 
597389 
597390 
597391 
597392 
597393 
597394 
597395 
597396 
597397 
597398 
597399 
597400 
597401 
597402 
597403 
597404 
597405 
597406 
597407 
597408 
597409 
597410 
597411 
597412 
597413 
597414 
597415 
597416 
597417 
597418 
597419 
597420 
597421 
597422 
597423 
597424 
597425 
597426 
597427 
597428 
597429 
597430 
597431 
597432 
)

// ************************************************************************* //
