/*--------------------------------*- C++ -*----------------------------------*\
| =========                 |                                                 |
| \\      /  F ield         | OpenFOAM: The Open Source CFD Toolbox           |
|  \\    /   O peration     | Version:  4.1                                   |
|   \\  /    A nd           | Web:      www.OpenFOAM.org                      |
|    \\/     M anipulation  |                                                 |
\*---------------------------------------------------------------------------*/
FoamFile
{
    version     2.0;
    format      binary;
    class       faceSet;
    location    "constant/polyMesh/sets";
    object      f3;
}
// * * * * * * * * * * * * * * * * * * * * * * * * * * * * * * * * * * * * * //


360
(
597473 
597474 
597475 
597476 
597477 
597478 
597479 
597480 
597481 
597482 
597483 
597484 
597485 
597486 
597487 
597488 
597489 
597490 
597491 
597492 
597493 
597494 
597495 
597496 
597497 
597498 
597499 
597500 
597501 
597502 
597503 
597504 
597505 
597506 
597507 
597508 
597509 
597510 
597511 
597512 
597513 
597514 
597515 
597516 
597517 
597518 
597519 
597520 
597521 
597522 
597523 
597524 
597525 
597526 
597527 
597528 
597529 
597530 
597531 
597532 
597533 
597534 
597535 
597536 
597537 
597538 
597539 
597540 
597541 
597542 
597543 
597544 
597545 
597546 
597547 
597548 
597549 
597550 
597551 
597552 
597553 
597554 
597555 
597556 
597557 
597558 
597559 
597560 
597561 
597562 
597563 
597564 
597565 
597566 
597567 
597568 
597569 
597570 
597571 
597572 
597573 
597574 
597575 
597576 
597577 
597578 
597579 
597580 
597581 
597582 
597583 
597584 
597585 
597586 
597587 
597588 
597589 
597590 
597591 
597592 
597593 
597594 
597595 
597596 
597597 
597598 
597599 
597600 
597601 
597602 
597603 
597604 
597605 
597606 
597607 
597608 
597609 
597610 
597611 
597612 
597613 
597614 
597615 
597616 
597617 
597618 
597619 
597620 
597621 
597622 
597623 
597624 
597625 
597626 
597627 
597628 
597629 
597630 
597631 
597632 
597633 
597634 
597635 
597636 
597637 
597638 
597639 
597640 
597641 
597642 
597643 
597644 
597645 
597646 
597647 
597648 
597649 
597650 
597651 
597652 
597653 
597654 
597655 
597656 
597657 
597658 
597659 
597660 
597661 
597662 
597663 
597664 
597665 
597666 
597667 
597668 
597669 
597670 
597671 
597672 
597673 
597674 
597675 
597676 
597677 
597678 
597679 
597680 
597681 
597682 
597683 
597684 
597685 
597686 
597687 
597688 
597689 
597690 
597691 
597692 
597693 
597694 
597695 
597696 
597697 
597698 
597699 
597700 
597701 
597702 
597703 
597704 
597705 
597706 
597707 
597708 
597709 
597710 
597711 
597712 
597713 
597714 
597715 
597716 
597717 
597718 
597719 
597720 
597721 
597722 
597723 
597724 
597725 
597726 
597727 
597728 
597729 
597730 
597731 
597732 
597733 
597734 
597735 
597736 
597737 
597738 
597739 
597740 
597741 
597742 
597743 
597744 
597745 
597746 
597747 
597748 
597749 
597750 
597751 
597752 
597753 
597754 
597755 
597756 
597757 
597758 
597759 
597760 
597761 
597762 
597763 
597764 
597765 
597766 
597767 
597768 
597769 
597770 
597771 
597772 
597773 
597774 
597775 
597776 
597777 
597778 
597779 
597780 
597781 
597782 
597783 
597784 
597785 
597786 
597787 
597788 
597789 
597790 
597791 
597792 
597793 
597794 
597795 
597796 
597797 
597798 
597799 
597800 
597801 
597802 
597803 
597804 
597805 
597806 
597807 
597808 
597809 
597810 
597811 
597812 
597813 
597814 
597815 
597816 
597817 
597818 
597819 
597820 
597821 
597822 
597823 
597824 
597825 
597826 
597827 
597828 
597829 
597830 
597831 
597832 
)

// ************************************************************************* //
